11 8 20 49 128 94 34 10 45 1001 1 
115 4 1 1001 1001 10 1001 121 21 140 4 
1 660 118 20 15 14 63 87 4 12 
1001 11 8 5 1001 463 1001 17 128 363 
1001 2 646 1001 2 11 8 764 36 1 115 
10 24 169 199 8 64 562 3 87 1 
1001 9 1001 1001 2 24 187 2 6 16 35 1 
1001 79 113 233 2 39 337 1001 179 119 
1001 71 687 3 113 1001 1001 
11 8 47 1001 221 49 520 5 1001 
1001 221 1 1001 35 1001 17 1001 1 
1001 1001 1001 25 1 1001 1 672 153 424 
2 82 1001 1 1001 2 1001 232 3 
1001 1 660 16 1001 1001 65 434 2 
257 57 92 1 1001 12 1001 1001 178 1 
1001 1001 4 1 109 858 1001 12 1001 1001 
178 12 446 12 686 1001 131 79 12 159 6 
428 12 848 1001 78 1001 7 12 1001 15 
9 1001 145 2 1 140 550 6 188 4 27 15 9 
243 1 1001 1001 8 5 1001 1001 4 1001 15 
118 12 154 8 153 798 79 1001 1001 
70 187 8 1001 17 199 2 6 8 1001 
1 751 351 205 1 1001 394 43 
1 1001 210 489 2 5 76 1001 7 25 223 6 
16 81 257 24 141 85 9 8 5 772 1001 
530 1001 102 1001 4 1 184 138 2 
118 9 1001 5 1001 9 77 20 150 71 78 5 
1001 6 16 162 24 471 319 18 1001 207 
17 47 1001 42 102 2 6 428 34 47 1001 
30 9 8 20 1001 2 135 9 16 5 1001 4 1 
833 72 27 106 
6 225 27 44 8 18 12 711 2 9 29 9 41 
136 1001 22 15 6 8 177 57 4 1 195 3 1001 11 
9 273 92 79 5 351 2 1001 30 3 1001 297 6 
1001 112 6 8 17 24 1001 7 24 138 

The average rank is 295.11